2430577,7029581
2430666,7026494
2431627,7023055
2431935,6953637
2432973,7031600
2433070,6938943
2433259,6923527
2433333,6950374
2433392,7028390
2433458,6956792
2434298,6942443
2434549,6935889
2434575,6929800
2434822,7023035
2435620,7033677
2435661,6945957
2435699,6953698
2435962,6925938
2436767,6949950
2437225,6957625
2437363,6922530
2437590,6919530
2437607,6913139
2437624,7030897
2437927,7026245
2437934,7022993
2438356,6928925
2438971,6925077
2439771,6931673
2440024,6943549
2440229,6921212
2440243,6957829
2440580,6953369
2440804,6934908
2441029,6927279
2441224,6939326
2441994,6923677
2442543,6955742
2442907,6918758
2443110,6942063
2443295,6929697
2443475,6937162
2444314,6946696
2444693,6921909
2444790,6916140
2445301,6925591
2445611,6943916
2445847,6940758
2446059,6931102
2446067,7038264
2446075,6912951
2446176,6919290
2446760,6934305
2447281,6947268
2447552,6928058
2447614,6937897
2447681,6923267
2447774,6916643
2448219,6953102
2448561,6943188
2449524,6940301
2449797,6934604
2449956,6948719
2450240,6929667
2450896,7012347
2451195,6954463
2451299,6944499
2451466,7004008
2452389,6957324
2452481,6969852
2452482,6965189
2452665,6932680
2452760,6941759
2452764,6938744
2452910,6927538
2453064,6948741
2453602,7006939
2453619,7001912
2453843,7010310
2454003,6935395
2454175,6953335
2454274,6959673
2454749,6963067
2454815,6967438
2455210,6956297
2455450,6945947
2455454,7004551
2455694,6940741
2456157,7012423
2456253,6970503
2456763,6948704
2456946,6934062
2457013,7017185
2457111,6965500
2457231,6961001
2457292,6952511
2457299,7002084
2457459,6943350
2457499,6981017
2457547,6938091
2457630,6975292
2458076,6957875
2458210,6998140
2458758,6972260
2458789,7014256
2458831,6968611
2458965,7004600
2459016,7009734
2459215,6946353
2459597,7018780
2459612,6963355
2459776,6932746
2459888,6954192
2459953,6982860
2460078,7000511
2460164,6951046
2460299,6939470
2460628,6975949
2460650,7007214
2461005,6943250
2461040,6959477
2461154,6936391
2461252,6966773
2461374,7012666
2461640,6971254
2461672,6948441
2461685,7003121
2461746,6979117
2461830,6985484
2462104,7017114
2462250,6995503
2462266,6956332
2462527,6962108
2462528,6991430
2462537,7009814
2462693,6952781
2462768,6999041
2462831,6932909
2462974,6945568
2463189,6988353
2463196,6982756
2463236,6974419
2463277,6940318
2463487,6927531
2463598,6924372
2463793,7005915
2464152,6936746
2464182,6958669
2464194,6965966
2464388,7014820
2464473,6970093
2464545,6950290
2464593,7001974
2464934,7018428
2465009,6980077
2465052,6930157
2465056,6985927
2465223,6943542
2465282,6995325
2465295,7011019
2465426,6963198
2465652,6953728
2465771,6933595
2465816,6998465
2465870,6922334
2466022,6991389
2466059,6973388
2466213,6939193
2466284,6947185
2466296,7007889
2466357,6926432
2466661,6967894
2466674,6983196
2466686,6956835
2466839,7046890
2467051,7004884
2467073,6959860
2467116,7013431
2467286,6988391
2467553,7016707
2467611,6951412
2467777,6970818
2467879,6978593
2467924,7050579
2467932,6941861
2467947,6993885
2468069,7000949
2468200,6975515
2468298,6928827
2468341,6965332
2468472,7010602
2468502,6944966
2468637,6997427
2468696,6932230
2468778,6954319
2468789,6920700
2468801,6937437
2468977,6924132
2469037,6985763
2469187,7019577
2469213,6948867
2469258,7007282
2469349,7054882
2469443,6991280
2469524,6982239
2469538,6961666
2469602,6957571
2469675,7048077
2470003,7014608
2470126,6972787
2470202,7003940
2470211,6968895
2470530,6939956
2470572,7052133
2470848,6994661
2470863,6927019
2470902,6952106
2470998,6999875
2471114,6943317
2471314,6964829
2471371,6975859
2471374,6979314
2471482,7010173
2471526,6988701
2471545,6922417
2471573,6917180
2471614,6935961
2471650,6955310
2471746,6931037
2471770,7017761
2471847,6984420
2471867,6959539
2472101,6947960
2472280,7049634
2472293,7007259
2472430,6991844
2472437,7054941
2472457,7020794
2472631,7013098
2472890,7046405
2472915,6971442
2473012,6997544
2473075,6919811
2473143,7003318
2473199,6968008
2473426,6938395
2473563,6925130
2473609,6962744
2473698,6950898
2473775,6945084
2473838,6942026
2473883,6933928
2473894,6981245
2473970,6957256
2474016,6929054
2474103,6987088
2474155,7052481
2474167,6978173
2474173,7000390
2474415,7016244
2474456,6974783
2474512,6954193
2474533,7010772
2474977,6993674
2475087,6984189
2475097,6990020
2475142,7006020
2475216,6947752
2475222,6917240
2475250,7048992
2475278,6922542
2475286,7022257
2475537,6965093
2475586,6969838
2475651,6960305
2475957,7019268
2476017,6997516
2476072,7046105
2476082,6936639
2476087,7055143
2476145,7013581
2476205,6931960
2476272,6926687
2476465,6940428
2476565,6943726
2476604,7003356
2476649,6972694
2476664,6951533
2476733,6980172
2476816,6956240
2476861,7008706
2477043,7051615
2477435,6986606
2477492,7000189
2477542,7016526
2477742,6962469
2477903,6976880
2477985,6983004
2478042,7023697
2478074,6991783
2478077,6948718
2478112,6967253
2478216,6924115
2478232,6929076
2478284,6917311
2478334,6958864
2478369,6934288
2478384,6920779
2478482,7011468
2478523,7006140
2478609,6995651
2478714,7049053
2478726,6970390
2478744,6938470
2478878,6945713
2478887,6953915
2478950,7056429
2479050,6941961
2479359,7020050
2479416,6989055
2479709,6979542
2479743,7014370
2479822,7053471
2479868,7046202
2479909,6973211
2479937,7003427
2479966,6931735
2480023,6964876
2480055,7008796
2480114,6998376
2480149,6926434
2480203,6950841
2480241,6985076
2480681,6993382
2480717,6956908
2480758,6936236
2480852,6960716
2480956,6922699
2480991,7043404
2481003,6968212
2481051,7022597
2481085,7017372
2481167,6976426
2481202,7050802
2481317,6919456
2481467,6982106
2481506,6947660
2481569,6943915
2481587,6939966
2481588,6929183
2481787,7011973
2481920,7006178
2482087,6987503
2482126,6996054
2482187,6970976
2482232,6990781
2482243,6953611
2482369,7000823
2482644,6963296
2482664,7055405
2482689,7032261
2482732,7047607
2482861,7020150
2483001,6925038
2483049,7038107
2483099,6932567
2483125,7041162
2483216,7029115
2483233,6950179
2483258,6974264
2483383,7026046
2483398,6984440
2483473,6978460
2483508,7015296
2483534,6959190
2483599,6937288
2483689,7052523
2483698,6966758
2483807,7003535
2483807,6917423
2483839,7009566
2483852,6956204
2483914,7044280
2483941,6942077
2483945,6920904
2483947,6993578
2484110,7022930
2484202,7035002
2484268,6946335
2484381,6998569
2484400,6981429
2484406,6927995
2484758,6988880
2484998,7017935
2485139,7012637
2485163,7006723
2485180,6971251
2485217,6961680
2485221,6953135
2485320,7049131
2485574,6934917
2485611,6976264
2485625,6923436
2485654,6939597
2485685,7054839
2485837,7030874
2485881,7039473
2485926,6964623
2485945,6930992
2486073,6949110
2486136,6996055
2486195,7001705
2486228,6968432
2486303,6943939
2486337,6958103
2486429,6984241
2486463,7025922
2486527,7015340
2486541,7045795
2486548,7021140
2486708,6979340
2486806,7051887
2486884,7010145
2487073,6920790
2487116,7036522
2487147,6926685
2487380,7042515
2487625,6955347
2487679,6973514
2487779,7005063
2487797,6937466
2487802,6946569
2487919,7033236
2487936,6951584
2488072,6960710
2488136,7018532
2488155,6933182
2488183,7028400
2488267,6941266
2488349,6981873
2488428,7049296
2488530,6970469
2488532,6986431
2488586,7012660
2488623,7023726
2488644,6976949
2488646,6966438
2489087,7007913
2489145,7039490
2489154,7054971
2489173,7001334
2489491,6958027
2489577,7015882
2489662,6922796
2489702,7046300
2489736,6949105
2489768,6930421
2489882,6943936
2490077,7020999
2490301,7035120
2490309,6953427
2490366,7043309
2490383,6979482
2490423,6935923
2490431,6926959
2490572,6974361
2490582,6984114
2490588,7052218
2490629,6963972
2490655,6939401
2490716,7032011
2490810,7025863
2490868,6968544
2491161,7005359
2491388,7011326
2491533,6960235
2491602,7049299
2491605,7029103
2491660,7018044
2491729,6946631
2491729,6932728
2491889,6971659
2491924,7038188
2491957,6956072
2492319,6976963
2492356,7014651
2492407,6942024
2492415,7008344
2492432,6951115
2492445,7002156
2492463,6986488
2492678,7045352
2492691,7055071
2492769,7023582
2492808,6966131
2492815,6981428
2492824,6929243
2493071,6937413
2493154,7041703
2493277,7034321
2493343,6962628
2493650,7051619
2493726,7031266
2493848,6969201
2493860,7026735
2493888,6974367
2494017,6924031
2494102,6948522
2494105,6958283
2494170,6944758
2494280,7020894
2494285,7012183
2494346,6953768
2494380,7048084
2494403,7006028
2494604,6934456
2494618,7017069
2494646,6978940
2494649,6984067
2494851,6988390
2494894,7037554
2495405,7002829
2495501,7044074
2495527,6971697
2495554,6941289
2495585,6921311
2495610,7009301
2495788,6931490
2495803,7023651
2495821,6964542
2495854,6928316
2496061,6937710
2496197,6960523
2496213,7029373
2496264,7032992
2496316,6976330
2496363,7014391
2496392,7041076
2496484,6967589
2496490,6950854
2496518,6999865
2496543,6956291
2496544,6981590
2496677,6990840
2496691,7050265
2496959,6925013
2496980,6947141
2497064,7046720
2497265,7018555
2497320,7005224
2497430,7026472
2497438,6944116
2497579,6996919
2497607,6987060
2497769,7011711
2497775,7035704
2497919,6934175
2497956,6993580
2498048,6973617
2498088,6978887
2498296,6970429
2498365,7021837
2498382,6962735
2498387,7008053
2498474,6940339
2498479,6984092
2498571,7002127
2498615,6929521
2498654,6922035
2498823,7031410
2498937,7043234
2499011,7039400
2499079,7015840
2499169,6965848
2499378,6952542
2499440,6948995
2499498,7049096
2499556,6999199
2499579,6926556
2499648,6989895
2499838,6976299
2499930,6981430
2500129,7028605
2500176,6960115
2500260,6942856
2500277,6937888
2500319,7025227
2500354,6995731
2500441,7004549
2500618,7012668
2500675,6945906
2500823,6933370
2500988,7019151
2501013,6973121
2501091,6968909
2501112,6920295
2501178,6987229
2501236,6923998
2501252,7045576
2501282,6916041
2501353,7008723
2501362,6956277
2501471,6963119
2501501,6992332
2501698,6928739
2501800,6978892
2501863,6984221
2501885,6950772
2502067,7015549
2502098,7022023
2502222,7050871
2502294,7000480
2502470,6940384
2502599,6966050
2502612,6936003
2502829,6975824
2502945,6958886
2503022,7026709
2503081,6912433
2503212,6996968
2503382,6931375
2503393,7006333
2503425,6947148
2503469,6943714
2503517,6990044
2503550,6971462
2503598,6981516
2503819,7018045
2503891,7003122
2503933,6921650
2504042,6925073
2504059,6954781
2504065,7011446
2504192,6987063
2504240,6917782
2504293,6968532
2504353,6961769
2504429,6993947
2504446,7029367
2504703,6928189
2504864,6978224
2504911,7024100
2505008,7014644
2505044,7020849
2505294,6999502
2505295,6934087
2505464,6964600
2505536,6974174
2505595,6984338
2505732,6957613
2506062,7007781
2506146,6941421
2506207,6996518
2506222,6912947
2506230,6948459
2506264,7026798
2506318,6945451
2506468,6991592
2506545,6970781
2506569,6981079
2506576,6919841
2506742,6923021
2506825,7018220
2506866,7002226
2507117,6930019
2507131,6967133
2507133,6926048
2507216,6960808
2507243,6988513
2507245,7011816
2507466,6976708
2507507,6915992
2507608,7022448
2507737,6936758
2507996,7015046
2508286,6998683
2508296,6985686
2508297,6994205
2508330,7005739
2508495,6963893
2508751,6973224
2508958,7009029
2509083,6947387
2509122,6940789
2509135,6943943
2509182,6979247
2509203,6969378
2509470,6991325
2509553,6982305
2509635,7019300
2509860,6933765
2509932,6920718
2510136,6926670
2510195,7012738
2510305,6966330
2510372,6987896
2510418,6996564
2510656,7022347
2510679,6937562
2510691,6961747
2510717,6975979
2510834,6915437
2510866,7016517
2511126,7006842
2511268,6999484
2511364,6985050
2511429,7002506
2511704,6972585
2511746,6993415
2512027,6945327
2512432,6958778
2512441,7009923
2512448,6930420
2512701,6969654
2512899,6935239
2512972,7019851
2513133,7013571
2513165,6927499
2513364,7024177
2513459,6966265
2513697,6976359
2513726,7005016
2513856,6997761
2513866,6981719
2514295,6949450
2514739,7016800
2514795,6972759
2514869,7000667
2515223,6984685
2515334,6960183
2515345,7021780
2515472,7011689
2515488,6968489
2515510,7008673
2515611,7026421
2515626,6994416
2515831,6946842
2515839,6939100
2515948,6979201
2516363,7003271
2516415,6932460
2516468,6956102
2516549,6952683
2516600,6990324
2516720,6976233
2516847,7018980
2516907,6997255
2516984,6987265
2517155,6965969
2517502,6982544
2517503,7006333
2517554,7014411
2517614,6970817
2517627,6949465
2517650,7023748
2517911,7000349
2518333,6992913
2518341,7010016
2518452,6973771
2518677,6940462
2518953,6979213
2519067,7021098
2519295,6955013
2519335,7016942
2519344,6934195
2519384,6946857
2519414,6984940
2519416,6968323
2519489,6989477
2519588,6960241
2519648,7003636
2519828,6995657
2519990,6976360
2520132,7012451
2520133,6951207
2520363,6965366
2520404,7007470
2520563,6937501
2520586,6998588
2520597,6971596
2520683,6981831
2521381,6957825
2521463,6992274
2521739,7001473
2521982,6948747
2521986,6962632
2522033,6978969
2522038,6986707
2522098,6945362
2522371,6967613
2522394,6954863
2522521,6974563
2522561,7015830
2522626,7004464
2522875,6996543
2522912,7011183
2522932,6940810
2523375,6989534
2523411,6951943
2523699,6982452
2523713,6960153
2523816,6970390
2523856,7007446
2524179,6993737
2524191,6999373
2524501,6965300
2524517,6957144
2524581,6977245
2524669,6947068
2524958,6985448
2525243,6943677
2525262,7002216
2525512,6954223
2525530,6973840
2525673,6939323
2525730,6968050
2525985,6996360
2526024,6949886
2526190,7009482
2526245,7005359
2526248,6991136
2526250,6962758
2526625,6981788
2526633,6959440
2526799,6987964
2526957,6970821
2527388,6999456
2527416,6978323
2527515,6945705
2527776,6956219
2527874,6941723
2527915,6965515
2527961,6934623
2527981,6984996
2527983,6993866
2528080,6952261
2528847,7002154
2528895,6948705
2529110,6938442
2529133,6996942
2529143,6961902
2529244,6990872
2529334,6973114
2529441,6968973
2529618,6981402
2529790,6958565
2529799,6987414
2530101,6943833
2530783,6954962
2530827,6964443
2530935,6935182
2530993,6930993
2531025,6951512
2531035,6994469
2531132,6984706
2531323,6999120
2531394,6940482
2531713,7003057
2532041,6989451
2532070,6927686
2532119,6970897
2532130,6967159
2532291,6961273
2532612,6947117
2532683,6957463
2532811,6937613
2533208,6943045
2533276,6996554
2533414,6992434
2533487,6986712
2533578,6933182
2533659,6953846
2533932,6950421
2534110,6964133
2534403,7001148
2534977,6969494
2535032,6927171
2535116,6959536
2535315,6945753
2535372,6940501
2535427,6935634
2535791,6998201
2536015,6930016
2536170,6966509
2536194,6993692
2536307,6923270
2536430,6955029
2536617,6948799
2536669,6951882
2536733,6962138
2537002,6943236
2537371,6938162
2537769,6957982
2538071,6933915
2538616,6945904
2538875,6996517
2538968,6965387
2539182,6940772
2539227,6929704
2539306,6953851
2539555,6923578
2539652,6960392
2539652,6950526
2539922,6993590
2540120,6920499
2540642,6938009
2540758,6943743
2541899,6934466
2542312,6930143
2542746,6923080
2542857,6926992
2542991,6940013
2544505,6932315
2544957,6937285
2545305,6928969
2546816,6934631
2547168,6926599
2547378,6931161
2547860,6939295
2548529,6942261
2549379,6936592
2550204,6930059
2550228,6933335
2551044,6940439
2551234,6943807
2552455,6937389
2552936,6931958
2554087,6942077
2554191,6934711
2554495,6928933
2555081,6939188
2556073,6932208
2556602,6943927
2556898,6936616
2557221,6927167
2558002,6939922
2559130,6934390
2559546,6942739
2560562,6938357
2562382,6935967
2562602,6942161
2562982,6990384
2563734,6973913
2563831,6938737
2564103,6994205
2565787,7002666
2565890,6991763
2568425,6993786
2573706,6982250
2574253,7006132
2575308,7030346
2575708,7034374
2576836,6981506
2577340,7008090
2580687,6980596
2583839,6979400
2591899,7047252
2432995,7025118
2433171,7025410
2433267,7025604
2433296,7025586
2433323,7025697
2433436,7025880
2433465,7025861
2434573,7026181
2434598,7026221
2434895,7025984
2434920,7026023
2435329,7025714
2435355,7025755
2435622,7025533
2435653,7025570
2436482,6943075
2437629,6947760
2437696,6947501
2437768,6915594
2438072,7033637
2438089,7033698
2438345,6917055
2438526,6916962
2438595,6951500
2438663,6917400
2444224,6927638
2444429,6927682
2445127,6928267
2452836,6946285
2452900,6929796
2452901,6930243
2452901,6930146
2452901,6929956
2453111,6946078
2454538,6943319
2454543,6943367
2454624,6950682
2454804,6999304
2454840,6951031
2455035,6943026
2455085,6943373
2455085,6943326
2457964,6941094
2457975,6940480
2458021,6941093
2458032,6940482
2459227,6948811
2459240,6948755
2459597,7016470
2459766,6980609
2459831,7016415
2460686,6998180
2461071,6973707
2461074,6973444
2461697,6964467
2461742,6964484
2462058,7019455
2463965,6947827
2467235,6935501
2467697,6963099
2470357,7012144
2470388,7012295
2470549,6946282
2470584,6945870
2470960,6945875
2471813,6982124
2472306,7015459
2479718,7000993
2479862,7001178
2479960,7001025
2481143,6933741
2484322,6986542
2484343,6986564
2484700,6991455
2484702,6991281
2484890,6991456
2484924,6986519
2484957,6986549
2484968,6986476
2484990,6986516
2485084,6986361
2485110,6986397
2485157,6986289
2485187,6986321
2485267,6986243
2485288,6991459
2485382,6991678
2485641,6991459
2485729,7028395
2485776,7028401
2485842,6991459
2485918,6991459
2485934,6991614
2485943,6991681
2485958,6991796
2485972,6991935
2485985,6991460
2485995,6992162
2486001,6991460
2486003,6992395
2486022,6991943
2486027,6991460
2486049,6992297
2486063,6991460
2486064,6991944
2486072,6991562
2486082,6991659
2486086,6992292
2486099,6992904
2486107,6991912
2486139,6992912
2486210,6993720
2486584,6999036
2486599,6999208
2486612,6999374
2486646,6999213
2486681,6998499
2486691,6999220
2486709,6998862
2486743,6999225
2486758,6999401
2487275,6999228
2487295,6999581
2487456,6962961
2487790,6963111
2487822,6999409
2487826,6999232
2487877,6963035
2487884,6963083
2487896,6963178
2487921,6963021
2487927,6963066
2487960,6963004
2487966,6963051
2487998,6962989
2488004,6963035
2488021,6962978
2488030,6963025
2488097,6963666
2488108,6962995
2488127,6963634
2488134,6963365
2488135,6963624
2488138,6964015
2488163,6963590
2488165,6962973
2488188,6963962
2488191,6963559
2488209,6963539
2488213,6963534
2488224,6963925
2488231,6963514
2488251,6963898
2488282,6963869
2488298,6963854
2488318,6964116
2488318,6963444
2488334,6963809
2488359,6964094
2488359,6963411
2488365,6963767
2488367,6963181
2488386,6963741
2488392,6963380
2488413,6963354
2488421,6924688
2488431,6924819
2488434,6963297
2488460,6963341
2488472,6963189
2488477,6963005
2488854,7030718
2489442,7037214
2489782,7037329
2489899,7003488
2490865,7041057
2490921,7041010
2490972,7040970
2491076,6924705
2491230,7040468
2493328,6939667
2493507,6939737
2493596,6939774
2494647,7053692
2494688,7053654
2495397,7035275
2495400,7035122
2495719,7052740
2496821,6953269
2496979,6953363
2497355,6919879
2497838,6954221
2498053,6931895
2498089,7024257
2498244,7024258
2499315,6931670
2499402,7010154
2499427,7034128
2499429,7034001
2499430,7033728
2499431,7033818
2499505,7010198
2499511,7010256
2499575,7010191
2499582,7010249
2499586,7010289
2499592,7010346
2499663,7010238
2499667,7010277
2499682,7010411
2500859,7002230
2500871,6930861
2501633,7048368
2501636,7048179
2501766,7048520
2501843,7047958
2501892,7048523
2501927,7048524
2502096,7048525
2502138,7048537
2502153,7048234
2502166,7048104
2502167,7047962
2502169,7047819
2502170,7047678
2503033,7048654
2503035,7048420
2503038,7048214
2503042,7047816
2503043,7047380
2503043,7046944
2503330,6915105
2503544,6914714
2503612,7008836
2503630,7008792
2503934,7008900
2503935,7008860
2504047,6949873
2504078,6951321
2504097,6950327
2504100,6949870
2504101,6952232
2504116,6951196
2504119,6951321
2504144,6952222
2504266,6949873
2505743,6931834
2506272,6955307
2507163,6932272
2507409,6933169
2507412,6933055
2507445,6933002
2507460,6933289
2507492,6932932
2507511,6933382
2507578,6932806
2507668,6932677
2507989,6957348
2507993,6956718
2508051,6932122
2508906,7000945
2508980,6923730
2509016,6928719
2509043,7001089
2509177,7001227
2509217,7003637
2509294,7001347
2509410,7001000
2509509,6929013
2509517,6924418
2509528,7001122
2510371,7004540
2510419,7004529
2511289,6980841
2511321,6980906
2511360,6980758
2511470,6980933
2511626,6981332
2512025,6991070
2512174,6939700
2512216,6989331
2512273,6990957
2512324,6920679
2512370,6939378
2512534,6939108
2512611,6995510
2512669,6990929
2512700,6938837
2512809,6916576
2512876,6938549
2512918,6991052
2512990,6938087
2513114,6938158
2513148,6937821
2513273,6937582
2513442,6956632
2513444,6956298
2513589,7007487
2513634,6932739
2513658,6932754
2513706,6991660
2513779,6956639
2513782,6956345
2513896,6992520
2513927,6932277
2513951,6932294
2514012,6992439
2514052,6932070
2514076,6932085
2514114,6956340
2514115,6956665
2514116,6956990
2514256,6931776
2514456,6957691
2514628,6931004
2514644,6930970
2514653,6931019
2514672,6930978
2514818,6930598
2514845,6930609
2515139,6929830
2515166,6929838
2515194,6928972
2515235,6929615
2515325,6929345
2515385,6929171
2515407,6929106
2515439,6929004
2515472,6928898
2515517,6928772
2517905,7025987
2517914,7026448
2517914,7026410
2518065,7025990
2518218,7025992
2518369,7025993
2518506,7026456
2518516,7026418
2518521,7025994
2518670,7025997
2518766,7026459
2518823,7026029
2518840,7025711
2520686,7018862
2520688,7019146
2520690,7019445
2520859,7010113
2520862,7009963
2520862,7009926
2520862,7009907
2520863,7009869
2520910,7010085
2520912,7009842
2520912,7009880
2520912,7009897
2520912,7009935
2521401,7018446
2521402,7018384
2521410,7017908
2521632,6984191
2521839,6984083
2522399,6984325
2522471,6984482
2523529,6938625
2524004,6980068
2524134,6979917
2524139,6980063
2525076,6980063
2525143,6979781
2526537,6976035
2526924,6976044
2527596,6976040
2527725,6976034
2527936,6976036
2529338,6975547
2529561,7004376
2529668,6978625
2529930,6946694
2531445,6949279
2531809,6982421
2531848,6982379
2531954,6982576
2531998,6982543
2532089,6981487
2532107,6982427
2532119,6981983
2533573,6998907
2535152,6957256
2535154,6957142
2535155,6956990
2535316,6957142
2535475,6957142
2535617,6957142
2535892,6932831
2537723,6925514
2538870,6948193
2538929,6962641
2539137,6962816
2539193,6956196
2539263,6963148
2539365,6962662
2539428,6948199
2539485,6962751
2539557,6956501
2539561,6956361
2539564,6956236
2539583,6962841
2539648,6963080
2539736,6962983
2539763,6948166
2539814,6956807
2539817,6962691
2539850,6956077
2539850,6957093
2539866,6963104
2539891,6956650
2539945,6956755
2539964,6963195
2539986,6947723
2539986,6935676
2539989,6956081
2540060,6963101
2540068,6948163
2540074,6963087
2540117,6956996
2540135,6956718
2540136,6956085
2540136,6963011
2540156,6963166
2540202,6963212
2540263,6956714
2540278,6956088
2540304,6956983
2540356,6948169
2540359,6947726
2540384,6958159
2540386,6957968
2540390,6957800
2540394,6957635
2540402,6957405
2540405,6956983
2540414,6956714
2540416,6956624
2540426,6956091
2540455,6932178
2540896,6948428
2540906,6947871
2540907,6947072
2542656,6936800
2547879,6928905
2558150,6924620
2566094,6938821
2566104,6938507
2566104,6938507
2566222,6938395
2566256,6938662
2585976,6980337
2586077,6980389
2435122,6951592
2435641,6956318
2435660,6956034
2436395,6930698
2439786,6923226
2441318,6937300
2442139,6933352
2442164,6933322
2442246,6921269
2442264,6921325
2442343,6933498
2442363,6933467
2442419,6957902
2442585,6957909
2442587,6957793
2442669,6921086
2442670,6921140
2442934,6925720
2443057,6925509
2447052,6921317
2447159,6921070
2447413,6925878
2447498,6920847
2447537,6920992
2447545,6921172
2447588,6925862
2447636,6914267
2447692,6920694
2447707,6914588
2447709,6914405
2447716,6914268
2447746,6920694
2447806,6920696
2449496,6927540
2449647,6927752
2449986,6946613
2449998,6946687
2450023,6927553
2450047,6946365
2450746,6927566
2451035,6952368
2452970,7012347
2453855,7012372
2454329,6971194
2454718,6938043
2454980,6965441
2454982,6965302
2454984,6965394
2455462,6938055
2455933,6936534
2455935,6936408
2455937,6936285
2455938,6936159
2455940,6936035
2456078,6958283
2456084,6958330
2456271,6936038
2456458,6959088
2456702,6936172
2456772,6968073
2456921,6967535
2457620,6936019
2457741,6936019
2457821,6950557
2457902,6950561
2458060,6936023
2458110,6950507
2458118,6936024
2459034,6966331
2459049,7012172
2459124,6965997
2459214,6966379
2459359,7012079
2459401,6965507
2459421,7012174
2459509,6965674
2459510,6935001
2459515,6965570
2459519,6965510
2459523,6965459
2459549,6965713
2459554,6965572
2459555,6965511
2459556,6965460
2459672,6965517
2460041,6957103
2461249,6969110
2461335,6968786
2461480,7015121
2461532,7015149
2461739,7005159
2461772,7005508
2462194,6938210
2462195,6938163
2462596,6969241
2462690,6938216
2462690,6938171
2463093,6993594
2463221,6943523
2463222,6943480
2463227,6943127
2463234,6942767
2463241,6942381
2463281,6942810
2463288,6942382
2463358,7011766
2463431,7011789
2463579,7012397
2463581,7012443
2463625,6922305
2463840,6996990
2463880,6996966
2463935,6997103
2463970,6997072
2464227,7008615
2464777,7004144
2464825,7004151
2465189,6940964
2465274,6941523
2465325,6987984
2465392,6941526
2465411,6941283
2465685,6941533
2465772,6941296
2465775,6941534
2465915,6941535
2465938,6941529
2466244,6965891
2466801,6931298
2466975,6931095
2467013,6980781
2467014,6980731
2467015,6980582
2467067,6986363
2467132,6949163
2467141,7019014
2467242,6949445
2467501,6980782
2467505,6980733
2467611,6980585
2467642,6980783
2467646,6980733
2467807,7003018
2468112,6980795
2468114,6980735
2468127,7003183
2468134,7003024
2468167,6980735
2468183,7002950
2468191,6973444
2468238,6973501
2468431,6926157
2468706,6926169
2468709,6967488
2468735,6967463
2468858,6926758
2469724,7016985
2469808,7016877
2469828,7016691
2470508,6966791
2470725,6970871
2470805,7002011
2470810,6970875
2470859,7001912
2470865,6970926
2470865,6970875
2470885,7001939
2470895,6996899
2470967,6924808
2470994,6924669
2471047,6924373
2471096,6925006
2471138,7002049
2471268,6925038
2471305,6962791
2471318,6962748
2471350,6962767
2471386,6924488
2471436,7001850
2471469,7002056
2471493,6962550
2471519,6962582
2471554,6924923
2471619,6957393
2471635,6950140
2471683,6950003
2471687,6957539
2471759,6961811
2471805,7005247
2471845,6973847
2471935,6928770
2472054,6986641
2472108,6973590
2472119,6973840
2472153,6973383
2472285,6973404
2472298,6974020
2472299,7005220
2472301,6973850
2472314,6973424
2472314,6973382
2472338,6973450
2472345,6973372
2472360,6973443
2472368,6973380
2472401,6973414
2472497,6973417
2472506,6973862
2472679,6973852
2472730,6973484
2473100,7005398
2473158,7005329
2473258,6965817
2473274,6965559
2473284,6965766
2473308,6965720
2473490,6965366
2473588,6965954
2473593,6965752
2473593,6965723
2473593,6965680
2473594,6965640
2473594,6965603
2473597,7008848
2473626,6960581
2473629,6965711
2473629,6965742
2473629,6965828
2473631,6965955
2473713,6936120
2473922,6936228
2473925,6936137
2473966,6936233
2473969,6936140
2473973,6931921
2473977,6931657
2473982,6931278
2473982,6931227
2473984,7008667
2474021,6931924
2474024,6931656
2474028,6931280
2474030,6931227
2474064,6931280
2474084,7008726
2474227,6931282
2474230,6931605
2474699,7008337
2474700,7008143
2474703,7008732
2474873,7008340
2475532,6967673
2475828,6945747
2475955,6934420
2476043,6934545
2476056,6958249
2476057,6958301
2476062,6958095
2476063,6924629
2476072,6988152
2476095,6934136
2476137,6934293
2476194,6958250
2476199,6988257
2476261,6934362
2476375,6988434
2476396,6945956
2476552,6988611
2476624,6953879
2476756,6946335
2476758,6946151
2476760,6945964
2476794,6954107
2476796,6953882
2476903,6988962
2477126,6989187
2477164,6946807
2477190,6989712
2477298,6989354
2477346,6989418
2477364,6989398
2477424,6989479
2477506,7020955
2477507,7021261
2477559,7021571
2477592,6965043
2477615,6964973
2477632,7053561
2477710,6964558
2477761,7053569
2477762,7053696
2477845,6965147
2477846,6965104
2477848,6965065
2477863,6964666
2477865,6964585
2478020,7054471
2478020,7054347
2478037,6997582
2478529,6936345
2478892,6955923
2479113,7017905
2479115,7017852
2479194,7051571
2479199,7051420
2479201,7051264
2479202,7051186
2479436,6975384
2480136,6962775
2480145,6962602
2480192,6991356
2480372,6917361
2480532,6962733
2480590,7048167
2480671,7048184
2480709,7048725
2480718,7048144
2480799,7048722
2480834,6917372
2481357,6917379
2481389,6917379
2481392,6917297
2481519,6966275
2481681,6980091
2481687,6966118
2481750,6966084
2481805,6917387
2481848,6979795
2481886,6979832
2482140,6927171
2482143,6926993
2482301,6998160
2482313,6998519
2482383,6998734
2482464,6927119
2482466,6926977
2482918,6961264
2483066,6968748
2483069,6968700
2483113,6961267
2483253,6968798
2483259,6968750
2483310,7050310
2483313,7050010
2483316,7049858
2483316,7050177
2483318,7049704
2483320,7049583
2483321,7049525
2483363,6968826
2483368,6968780
2483376,6930530
2483525,6930534
2483554,6976458
2483564,6968833
2483577,6968883
2483598,6969487
2483601,7050524
2483707,6944135
2483732,6968881
2483734,6968918
2483906,6930544
2483923,6968951
2483948,6968957
2484080,6968776
2484171,6969018
2484290,6969103
2484293,6944315
2484297,6944164
2484305,6969055
2484971,7042420
2485098,7042643
2485230,7042240
2485238,7042079
2485285,7041521
2485288,7042217
2485296,6973431
2485309,6951056
2485339,6973451
2485358,6925765
2485452,6973987
2485519,6951078
2485595,6973762
2486115,7003945
2486124,6941891
2486304,6941936
2486306,7023925
2486315,7023910
2486322,7023797
2486486,7023801
2486563,7023867
2486568,7023912
2486607,7023868
2486607,7023802
2486608,7023912
2486985,7047836
2487516,6922755
2487619,6922756
2488443,6984226
2488525,6984146
2488630,7052744
2488887,7026522
2488890,7026489
2489054,7010638
2489057,7010407
2489057,7010453
2489059,7010262
2489062,7010071
2489063,7009954
2489103,7010453
2489103,7010408
2489110,7010072
2489112,7009955
2489465,6972435
2489578,6972549
2489580,6972213
2489604,6972604
2489640,6972270
2489644,6972204
2489649,6972556
2489689,6972331
2489767,6972069
2489822,7009966
2489947,6972257
2490179,6951346
2490182,6951162
2490221,7013887
2490274,6941843
2490359,7009598
2490387,6941913
2490458,6941487
2490491,6981684
2491610,7047290
2491610,7047188
2491660,6958224
2491724,6958230
2491732,6948972
2491749,6948882
2491750,6949013
2491843,6948729
2491873,6944444
2491902,6948965
2491922,7020161
2491963,6958073
2492020,6948893
2492028,6948936
2492035,6944174
2492064,6958282
2492084,6934708
2492090,7020166
2492091,6958148
2492122,7020825
2492147,6944607
2492247,7020828
2492263,7020172
2492313,6953428
2492363,7036123
2492379,6979047
2492398,6953285
2492426,6979020
2492437,6979048
2492526,6983622
2492529,6979236
2492609,6978967
2492625,6984433
2492634,6984483
2492907,7036318
2492990,7004449
2492992,7004278
2492997,7004104
2493371,7010383
2493373,7010191
2493508,6931628
2493573,7003937
2493581,6931760
2493644,6932123
2493654,6931936
2493718,7018889
2493724,7039625
2493814,7039288
2493921,7039600
2494006,6956214
2494118,7039889
2494210,7029184
2494210,7029137
2494216,7028747
2494261,7028747
2494319,6955923
2494326,6976741
2494361,6955904
2494365,6956037
2494408,6956021
2494435,6956091
2494484,6956221
2494520,6956307
2494546,6956095
2494601,7046019
2494645,7046006
2494786,6986387
2494790,6986067
2494844,6986198
2494895,6986318
2494912,6986361
2494929,6986222
2494950,6986278
2494959,6946618
2494968,6986324
2494980,6986256
2494988,6986372
2494989,6986180
2494997,6986301
2495010,6986233
2495028,6986278
2495047,6986329
2495051,6986195
2495071,6986239
2495098,6986199
2495118,6986122
2495127,6986365
2495195,6986016
2495234,7019092
2495438,6986422
2495444,6986021
2495539,6986424
2495822,6973837
2495843,6986030
2495873,6973942
2495938,6973838
2496011,6974111
2496040,6974143
2496119,6985655
2496123,6985466
2496176,7021631
2496200,7007216
2496211,7039071
2496244,7020406
2496279,7020400
2496294,7007416
2496362,6969748
2496371,7039072
2496410,7038916
2496411,7039072
2496426,6969657
2496552,7038747
2496556,7020636
2496712,7038906
2496713,7038748
2496790,7016586
2497210,7038446
2497338,7038123
2497347,7037801
2497394,7044745
2497459,7044601
2497710,6936371
2498217,6937387
2498251,7029463
2498287,7013815
2498378,6968238
2498496,6967754
2498512,7045274
2498516,6936316
2498526,6936478
2498565,6936797
2498572,6936620
2498630,6991671
2498631,6991627
2498691,6967931
2499041,7019658
2499053,6968291
2499066,7046697
2499067,7046735
2499072,7037332
2499086,7037288
2499209,7018083
2499214,6924288
2499290,7018083
2499376,7037396
2499377,7037338
2499382,7037066
2499386,7036947
2499443,7046718
2499446,7046913
2499490,7046717
2499494,7046914
2499860,6985582
2499861,6985543
2500189,7007003
2500192,7006907
2500370,7006909
2500383,6970918
2500398,7006676
2500431,6971080
2500926,7006523
2501283,6998166
2501316,6998186
2501333,7006664
2501403,6997848
2501457,6948049
2501627,6989271
2501642,7010836
2501649,6926354
2501729,6948593
2501735,6926574
2501762,7010690
2501823,7011000
2501837,7010698
2501838,7010848
2501909,7010702
2501935,6925900
2501970,6994530
2502008,7010662
2502060,6961140
2502068,6948684
2502071,7010800
2502087,7011140
2502139,6961043
2502164,6961016
2502204,6961078
2502223,6925989
2502233,6961109
2502246,6918357
2502286,6961159
2502292,6960883
2502386,6994982
2502392,6994534
2502433,7029337
2502436,6994982
2502443,6994534
2502458,7024581
2502459,6960842
2502472,6994535
2502502,6960891
2502523,6926769
2502618,6995011
2502621,6994856
2502652,6926548
2502859,6933572
2502917,7013485
2502942,7013528
2502986,7013593
2502986,7013753
2503005,6933613
2503182,6973846
2503272,6933853
2503305,6973723
2503442,6973589
2503468,6973565
2503569,6973463
2503621,6963777
2504894,6959545
2504941,7004934
2504957,6976142
2505259,6959574
2505269,6959928
2505327,6959988
2505444,6959772
2505452,7016596
2505696,6943386
2506070,6986284
2506238,7016239
2506472,6917706
2506952,6978733
2507179,7020309
2507190,6978990
2507229,7020292
2507232,6943266
2507577,7020172
2508013,6918289
2508047,6983680
2508359,6996392
2508383,6913405
2508386,6913977
2508387,6912945
2508752,7017500
2508773,7017261
2508774,6959256
2508777,7017111
2508778,6959317
2508889,6914272
2509627,7024115
2510084,6971394
2510132,7010694
2510347,6971038
2511258,6964323
2511471,6964563
2511662,6964771
2512148,6986951
2512895,6983555
2513442,7002472
2513974,7002515
2514243,7003076
2514243,7002801
2514291,6925597
2514350,7002921
2515031,6974840
2515068,7014498
2515180,7014327
2515204,7014358
2515225,6970681
2515266,7014225
2515266,6974741
2515274,6974819
2515281,7014772
2515300,7014175
2515325,7014652
2515337,7014201
2515344,7014771
2515360,7006455
2515362,7006285
2515389,6970753
2515407,6970776
2515428,7014277
2515441,7013893
2515446,7013786
2515487,7013877
2515491,7013785
2515493,7013694
2515854,6981388
2516720,7016330
2517060,7016772
2517101,7016728
2517426,7012152
2517620,6995059
2517656,6995095
2517742,6994991
2517948,6994942
2518777,6953000
2518819,6952879
2519087,6987005
2519466,6987395
2519593,6987271
2519728,6987139
2519863,6987003
2519995,6986873
2520474,6974056
2520569,6953162
2520652,6953488
2520717,7005357
2520724,7015038
2520730,7014639
2520733,7014437
2520745,7005395
2520780,7014640
2520783,7014438
2520903,6953493
2521257,6969504
2521582,6953034
2521609,6994479
2521636,6960279
2521643,6969806
2521646,6969612
2521647,6969504
2521691,6969855
2521694,6969505
2521971,6976735
2522000,6976614
2522011,6976547
2522049,6994392
2522169,6976782
2522174,6976647
2522236,6976594
2522277,7013103
2522279,7013150
2522356,6965170
2522437,7013153
2522467,6965445
2522510,6976733
2522555,6976683
2523210,6972326
2523272,6972571
2523397,7013171
2523613,6972817
2523846,6949554
2523924,6949867
2523959,6991737
2523987,6963156
2524019,6949574
2524103,6962293
2524104,6991670
2524113,6987535
2524225,6987648
2524251,6962278
2524254,6991603
2524331,6987755
2524423,6987455
2524467,6987407
2525538,6952186
2526246,6983777
2526548,6947792
2526876,6947645
2526976,7003302
2527347,6943712
2528533,6954232
2529139,6936355
2529190,6936359
2529476,6966797
2530156,6966567
2530161,6966330
2531025,6991887
2531127,6991944
2531197,6996725
2531264,6996829
2531438,6991989
2531439,6991584
2531441,6991541
2531474,6972829
2531594,6991587
2533212,6945199
2533265,6945199
2533368,6994528
2533379,6945179
2534005,6989011
2534034,6988867
2534130,6994411
2534131,6966600
2534134,6967175
2534186,6990006
2534187,6989023
2534189,6989849
2534191,6989690
2534193,6989534
2534195,6989375
2534199,6989218
2534203,6989069
2534204,6989023
2534240,6994752
2534317,6948201
2534344,6994860
2534488,6948203
2535148,6995605
2535247,6995715
2535258,6937779
2535288,6937819
2535538,6995653
2535860,6995825
2535948,6996171
2536154,6964100
2536169,6964260
2536384,6964508
2536510,6964511
2536954,6964336
2537984,6998489
2540684,6952400
2540685,6952272
2541490,6941542
2545275,6925655
2545379,6939273
2545712,6939273
2547072,6936900
2547165,6937098
2547303,6936939
2547365,6936993
2548562,6925133
2551840,6934538
2551912,6934601
2551933,6934488
2552011,6934366
2552198,6934347
2552238,6934145
2553403,6944001
2554801,6936743
2554894,6936768
2556286,6934258
2556296,6934695
2556412,6934584
2557070,6934089
2557080,6934472
2558887,6944640
2560252,6940822
2560394,6940682
2560539,6940538
2560663,6940423
2560793,6940515
2560932,6940398
2564649,6936780
2568426,6991783
2569140,6991787
2569417,6991809
2433859,6953661
2434358,6940529
2434572,6933954
2436926,6927699
2437152,6924566
2438209,6926860
2438266,6926883
2444765,6918134
2444878,6918032
2444986,6917934
2447396,6941767
2447400,6941721
2447412,6941704
2447418,6941784
2447446,6941607
2447461,6941706
2447477,6941744
2447518,6939763
2447545,6940119
2447569,6939770
2447792,6918465
2447807,6936093
2447854,6918465
2448501,6936189
2448520,6930407
2450164,6942003
2450207,6942215
2450312,6942695
2450325,6932694
2450871,6933045
2452857,6955414
2452946,6955594
2453048,6954981
2453264,6955555
2453334,6955110
2453615,7003972
2453633,6955217
2454195,6969284
2454406,6969293
2454729,6969307
2454743,6969391
2454944,6948684
2454956,6948731
2455676,6954343
2455886,6954049
2455931,6954050
2457257,6946672
2457373,6946066
2457432,6946673
2457468,6946877
2457907,6945110
2457950,7000305
2459170,6944196
2459344,6943968
2459650,7002834
2459854,6970290
2460568,6945076
2461292,6933868
2461360,6981587
2461491,6940877
2461579,6934605
2461883,6934609
2462037,6951025
2462088,6950770
2462182,6934618
2462478,6980763
2462595,7007301
2462648,7001529
2462653,7000941
2462700,6980764
2462717,6980716
2462898,6960211
2462943,6960230
2463247,6980718
2463248,6980765
2463348,6935006
2463353,6934643
2463395,6935006
2463401,6934644
2463471,6931163
2463531,6984850
2464189,6984346
2464254,7000202
2464338,6956808
2464392,6984190
2464556,6984064
2464593,6984146
2464767,6960425
2464778,6983894
2464779,6956817
2464824,6983971
2464880,6989925
2464930,6975162
2464987,7000211
2465209,6960450
2465225,6961345
2465226,7000211
2465274,6975167
2465412,7016661
2465538,6971555
2465591,7006179
2465596,6975170
2465713,7016664
2465749,6975171
2466057,6978576
2466095,6971557
2466110,6937095
2466153,6937079
2466170,6937284
2466213,6937273
2466215,7000963
2466229,7000868
2466265,7000874
2466277,7015149
2466295,7015309
2466328,6945075
2466335,7000215
2466466,6928825
2466468,6928723
2466480,6996708
2466507,6929069
2466619,6923981
2466644,7009798
2466677,6996849
2466696,6944716
2466726,6996846
2466833,6996271
2466863,6996461
2466879,6996435
2466944,6996702
2467023,6923886
2467046,6924741
2467152,6924143
2467203,6924713
2467215,6943578
2467218,6943534
2467225,6924576
2467390,7048708
2467394,7048726
2467652,6990370
2467709,6990706
2467726,6990579
2467835,7008900
2467863,7048670
2468093,6939703
2468264,6939338
2468378,6956105
2468419,6939336
2468462,6947126
2468499,6956108
2468508,6947124
2468556,6983813
2468585,6939893
2468590,6939767
2468598,6983784
2468602,6939478
2468604,6939341
2468961,6959505
2469060,6987594
2469068,6987629
2469090,6952490
2469143,6943283
2469143,6943238
2469169,6959873
2469172,6959508
2469377,6959510
2469448,6963861
2469453,6963547
2469479,6922377
2469524,7009103
2469537,6979307
2469566,6959512
2469616,6959513
2469641,7009096
2469651,6950732
2469653,7009142
2469684,7050027
2469744,7009118
2469747,6959515
2469793,6959515
2469809,6941876
2469812,6941689
2469860,7009007
2469908,6984010
2469921,7008956
2469926,6959877
2469927,7009015
2469929,6959620
2469930,6959517
2469956,7050311
2469970,7008977
2469979,7050292
2469980,6959518
2470131,6987358
2470134,6987322
2470199,7050311
2471136,7046929
2471224,7047115
2471466,7047607
2471494,7047673
2471535,7047740
2471744,6941509
2472316,6953543
2472316,6953370
2472343,7051567
2472445,6940883
2472931,6940470
2473017,6952691
2473018,6953038
2473019,6952865
2473087,6989606
2473237,7019096
2473292,6990227
2473437,6923299
2473450,7048241
2473454,6982992
2473542,6983162
2473599,7048246
2473731,6948960
2473732,6948918
2473775,6948961
2473775,6948917
2473981,7018998
2473983,7019173
2474047,6927222
2474048,6927159
2474050,6926925
2474093,6927228
2474095,6927158
2474096,6926927
2474227,6992008
2474245,7055020
2474264,6940018
2474281,6991992
2474342,6940170
2474403,6991932
2474438,7014312
2474439,7014198
2474452,7012932
2474454,7012756
2474458,7012572
2474475,7020411
2474487,6972977
2474489,6972835
2474492,6972668
2474496,6972419
2474549,7020551
2474637,6991810
2474734,6939673
2474749,6939838
2474898,7050826
2475128,6949697
2475384,7050828
2475399,6938484
2475399,6938643
2475400,6938450
2475401,6938810
2475402,6938411
2475405,6938363
2475405,6938331
2475419,7001737
2475419,7001902
2475454,6982143
2475535,6982111
2475551,6981995
2475551,6949879
2475551,6950054
2475554,6949703
2475555,6949531
2475570,6985971
2475583,6981983
2475589,6986070
2475598,6982086
2475600,6982253
2475619,6981780
2475680,6938416
2475690,6982041
2475697,6982309
2475725,6982474
2475731,6938660
2475767,6982463
2475795,7017453
2475900,6981930
2475952,6938678
2475979,6949709
2476320,7011056
2476321,6992382
2476322,6949713
2476329,6949537
2476330,6949368
2476332,6949207
2476332,6949182
2476368,6992366
2476404,7011081
2476497,6938427
2476523,7010740
2476537,6949721
2476537,6992770
2476595,6921069
2476596,6938386
2476613,6921174
2476695,6919915
2476719,6938436
2476721,6938388
2476751,6938589
2476792,6938391
2476793,6938439
2476863,7010628
2476878,6984551
2476891,7049808
2476948,6984597
2477280,6922534
2477295,7047498
2477367,6984717
2477424,6974379
2477428,6969136
2477448,7047501
2477603,7047501
2477761,7047502
2477763,7046960
2477764,7046814
2477862,6931121
2477878,7014241
2477902,6930952
2478101,7046904
2478111,7047355
2478254,6940207
2478331,6960688
2478342,6950800
2478348,6950625
2478518,6960692
2478556,6943781
2478557,6943735
2478612,6981010
2478707,6960695
2478891,6960697
2479014,6943786
2479059,6943787
2479202,6943788
2479265,6987031
2479338,6943746
2479339,6943790
2479392,6919265
2479440,6919266
2479452,6947481
2479496,6943792
2479680,6943747
2479690,6943790
2479705,6947772
2479787,6981450
2479807,6987173
2479837,6928257
2479896,6948876
2479936,6948854
2479955,6949047
2479957,6983285
2479968,6948687
2479998,6949047
2480030,7012558
2480090,6986924
2480132,6959000
2480134,6958847
2480135,6958699
2480408,7055327
2480460,6954849
2480515,7055388
2480537,7055250
2480577,7055353
2480582,7055498
2480593,7055557
2480594,7055499
2480594,7055487
2480595,7055457
2480596,7055390
2480596,6938457
2480609,7055473
2480618,6955043
2480624,6952650
2480633,7055500
2480633,7055445
2480636,6954858
2480646,6938267
2480654,7055473
2480655,7055530
2480655,7055499
2480656,7055391
2480657,7055415
2480673,7055391
2480677,7055499
2480692,6958852
2480724,7055291
2480741,7055392
2480751,7056265
2480755,6945851
2480766,7055500
2480781,7056261
2480785,7055581
2480787,7056185
2480795,7056129
2480803,6938255
2480830,7055937
2480840,7055500
2480840,7055611
2480844,7055392
2480844,7055327
2480851,7054995
2480941,6938225
2481043,6938194
2481070,7020787
2481072,7020625
2481077,7019434
2481081,7019230
2481204,6937980
2481254,6958860
2481255,6958710
2481274,6942026
2481469,7045354
2481520,6937999
2481589,6938130
2481610,7015226
2481613,7052616
2481616,7052749
2481654,6945755
2481709,7052575
2481714,6955350
2481716,7014723
2481733,7014325
2481734,7013926
2481747,6942089
2481777,6945799
2481806,7009634
2481808,6951685
2481841,6958561
2481845,6958327
2481895,6937987
2481902,6938025
2481907,7053294
2481919,7008143
2481988,6945746
2481989,7053481
2481989,7053295
2482060,6945758
2482086,6945677
2482125,6945679
2482146,6945686
2482155,6941754
2482172,6945971
2482174,6945676
2482239,7013932
2482284,6935240
2482305,7023892
2482307,7024003
2482308,7023939
2482331,6946031
2482360,6945881
2482386,6935101
2482392,6945738
2482427,6945591
2482444,6957585
2482448,6957404
2482585,7024097
2482634,7024053
2482717,7008135
2483134,6922618
2483158,6922666
2483339,7013008
2483376,6952059
2483386,7013334
2483438,7007767
2483452,6952062
2483611,6922676
2483698,6948288
2483698,6948114
2483757,6964855
2483764,6939874
2483777,6940144
2483800,6939876
2483851,7005424
2483871,6954399
2483877,7005427
2483890,6964935
2483963,6964885
2483966,6964978
2483968,6996746
2483968,6996710
2483970,6996402
2483971,6996268
2483973,6996074
2483975,6995701
2483976,6995555
2484008,6996745
2484009,6995701
2484010,6996050
2484012,6996710
2484012,6996405
2484012,6996269
2484253,6948639
2484255,6948467
2484256,6948289
2484256,6948253
2484262,6996748
2484279,7046483
2484334,7000958
2484358,6996715
2484435,6948250
2484448,7021161
2484499,7032506
2484501,7021161
2484534,7032522
2484589,7032305
2484629,7032306
2484633,7021133
2484757,7020912
2484902,6932565
2484947,6932615
2484953,6932579
2485012,7020108
2485052,7020120
2485074,6932646
2485144,7036550
2485148,7036536
2485177,7019727
2485228,7036838
2485230,7036780
2485390,6959720
2485459,6954970
2485615,6932984
2485723,6955822
2485758,6959955
2485904,6947203
2485967,6933005
2486081,6947203
2486096,6945889
2486106,6928928
2486145,7034149
2486159,6982207
2486253,6981136
2486287,6981751
2486292,6982338
2486340,6982385
2486391,7034207
2486440,6981613
2486467,6981928
2486491,6982248
2486594,6981473
2486820,7013547
2486866,7007319
2486869,7013394
2486931,7007276
2486933,7007322
2486959,7017102
2487052,6953499
2487055,6953165
2487079,6971742
2487081,6971704
2487084,6971683
2487089,6971637
2487093,6971612
2487129,6971747
2487136,6971713
2487139,6971694
2487146,6971646
2487149,6971624
2487174,6971750
2487192,6971724
2487214,6971752
2487216,6971728
2487241,6935636
2487257,6971756
2487269,7007285
2487270,7007329
2487347,7007284
2487352,7007328
2487391,7007284
2487417,6935637
2487420,6935478
2487427,6935180
2487430,7054334
2487431,6935006
2487444,7054192
2487444,6975413
2487501,7038479
2487606,6939505
2487632,7038482
2487695,6953510
2487770,6935477
2487773,7002920
2487784,6935094
2487813,6931383
2487820,6939510
2487850,7016702
2487921,6930986
2487936,6949164
2487940,6949566
2487940,6948712
2487956,7044659
2487959,6931383
2487960,6935062
2488027,6944522
2488040,6943420
2488056,7044675
2488065,7044206
2488096,6935028
2488196,6968266
2488206,6968461
2488208,6968604
2488227,6968266
2488241,6968609
2488242,6968492
2488328,6928066
2488328,6928114
2488384,7044886
2488385,7044161
2488387,7044929
2488432,7044884
2488435,7044165
2488435,7044931
2488436,6980062
2488472,6935052
2488472,6935791
2488489,7034979
2488531,6978912
2488583,6975073
2488588,6968585
2488596,6934999
2488619,7043851
2488624,7043980
2488636,6939330
2488683,7043991
2488768,6939332
2488774,6939016
2488850,6928123
2488850,6928076
2488933,6968250
2488938,7041355
2488948,6968272
2489015,7041483
2489105,7041677
2489114,7041956
2489119,7041813
2489206,7050942
2489495,6956226
2489496,6956046
2489500,6955885
2489504,6955710
2489507,6955539
2489508,6955369
2489511,6955204
2489528,6947222
2489577,6946170
2489680,6937814
2489702,6934181
2489712,6946601
2489727,6932295
2489738,6946257
2489747,6934182
2489770,6932308
2489874,6961659
2489882,6961443
2489901,7019146
2489901,6961001
2489916,6946604
2489919,6947222
2489927,6946361
2489965,6945819
2489982,6947225
2489996,7050387
2489996,7050328
2490106,7027925
2490108,6933853
2490214,6933740
2490232,6955384
2490296,6934102
2490354,6976327
2490372,6976309
2490396,6934049
2490402,6977346
2490453,6976229
2490455,6976717
2490465,6977643
2490478,6966707
2490832,7023656
2490901,7023604
2490925,6928750
2490929,7024062
2490933,7023493
2490934,7022795
2490934,7022975
2490934,7023223
2490936,7022611
2490939,7023919
2490941,7023881
2490943,7054498
2490944,7023701
2490944,7054376
2490946,7023784
2490999,7054376
2491873,6930853
2492453,7043461
2492459,7043413
2492468,7043383
2493503,7043612
2493562,7043763
2493597,6972568
2493617,7043605
2493668,6972447
2493706,6971036
2493708,6972461
2493717,6971492
2493727,6971570
2493763,6971035
2493819,6972501
2493879,6972523
2494093,6942918
2494119,7015142
2494171,7015094
2494184,6942764
2494216,6951723
2494231,7014997
2494259,7024779
2494260,7024684
2494288,7014967
2494309,7024772
2494311,7024670
2494340,6967393
2494358,6951604
2494368,7049942
2494397,6951832
2494407,7049944
2494413,6966975
2494431,6967489
2494513,6942958
2494523,7014610
2494535,6966858
2494547,7014138
2494591,6982074
2494614,6965929
2494620,6951416
2494639,6965902
2494644,6966258
2494659,6966740
2494674,6966228
2494703,6967267
2494718,6981412
2494740,7049862
2494745,6980915
2494789,6966631
2494801,6982139
2494816,6966078
2494849,7050209
2494849,7050256
2494874,6936338
2494947,6966505
2494961,6936221
2495098,6966384
2495261,6943202
2495576,7025868
2495658,6935922
2495707,7027616
2495717,6943276
2495878,6939505
2495883,7011315
2495907,7011176
2495976,7011358
2496109,6933461
2496162,6933459
2496253,7048496
2496261,7048340
2496339,6948949
2496383,6978184
2496384,6948931
2496389,6979739
2496411,6979717
2496449,6962653
2496465,6983389
2496489,6962693
2496579,6983530
2496656,6983470
2496674,6983650
2496697,7031150
2496702,6983685
2496816,6989039
2496818,6988881
2496820,6988726
2496961,6922809
2496962,6958142
2497410,7009749
2497436,6949097
2497514,6949062
2497531,6942072
2497566,7009729
2497582,6989206
2497584,6988897
2497585,6989053
2497622,6942125
2497730,6964657
2497823,6942243
2497947,6975450
2497989,6942342
2498051,6977033
2498212,6980716
2498441,6942609
2498473,6942183
2498604,7003948
2498791,6945492
2498849,6945392
2498857,6945530
2498956,6947211
2498968,6946676
2499124,6944932
2499146,7041288
2499171,6988155
2499173,6987978
2499237,6944391
2499359,6997283
2499395,6944482
2499433,6997283
2499528,7026855
2499672,6964062
2499700,6964090
2499777,6993643
2499950,7023275
2499967,7023453
2500042,6979629
2500146,6983251
2500267,7021348
2500269,7023266
2500281,7021394
2500288,6940656
2500308,6940193
2500336,7021374
2500346,7050795
2500347,6941056
2500349,7021418
2500356,6940150
2500386,7021393
2500477,7022845
2500487,7021159
2500556,7023273
2500691,6967121
2500784,6964941
2500784,6958145
2500788,7023277
2500828,6958233
2500853,6966967
2500859,7023449
2500862,7023458
2500873,7023481
2500888,7023459
2500968,7026977
2501146,6975008
2501439,6944244
2501521,6944192
2501606,6982311
2501619,6980756
2501663,6980711
2501768,6980909
2501788,6981264
2501801,6982269
2501838,6980888
2502039,6942487
2502113,6942362
2502400,6945213
2502668,7019968
2502799,7019877
2502928,7019788
2503057,7019696
2503087,7020356
2503384,6985376
2503388,6985204
2503412,6991887
2503414,6992047
2503414,6992204
2503414,6992362
2503508,6979568
2503579,6998813
2503742,6984312
2503744,6984100
2503748,6983898
2503754,6983685
2503761,6983461
2503873,7022379
2503945,6956594
2504093,7000976
2504134,6983261
2504183,6956610
2504205,6941718
2504213,6956610
2504213,6956575
2504231,6941669
2504336,6966687
2504367,6992057
2504370,6991696
2504370,6991728
2504512,6966147
2504528,6991698
2504564,6966584
2504655,6991742
2504698,6966350
2504798,6966467
2504802,6966622
2504890,6980123
2504942,6966772
2505026,6966855
2505105,6989100
2505110,6988904
2505114,6988707
2505147,6982445
2505169,6972287
2505209,6982451
2505211,6982345
2505213,6982538
2505256,6982503
2505256,6982432
2505257,6989099
2505260,6966542
2505269,7012824
2505298,6966636
2505349,6989592
2505349,6989437
2505373,6988462
2505375,6988620
2505377,6988750
2505643,6989434
2505647,6989588
2505878,6962832
2505961,6989778
2506087,6969021
2506203,6968721
2506216,6994476
2506260,6994323
2506368,6994183
2506728,6963055
2506747,6968896
2506785,6972799
2506831,6972800
2506983,7000212
2507002,7000165
2507015,6962779
2507074,7009972
2507108,7009842
2507193,7009684
2507310,6974568
2507318,6974858
2507320,6974684
2507372,6974507
2507379,6969174
2507800,6974860
2507921,7007525
2507968,6974864
2508062,6990171
2508265,6965711
2508292,6965742
2508305,6965730
2508374,6975004
2508509,6965947
2508835,6975498
2508839,6975359
2509110,6975018
2509303,6935838
2509373,6935934
2509403,6935895
2509873,7014974
2509877,7014583
2510105,6994571
2510117,6935808
2510237,6994668
2510406,7014760
2510443,7014706
2510511,7014752
2510528,7014715
2510665,7014650
2510994,7014683
2511021,7014429
2511046,7014457
2511150,7014579
2511188,7020218
2511243,7020410
2511275,7018291
2511446,7024202
2511448,7024163
2511516,7018247
2511638,7014575
2511706,7014709
2511720,7018299
2512000,6926074
2512044,7018258
2512045,7018307
2512269,7011811
2512302,7011773
2512624,7017074
2512639,7017103
2512670,7017155
2512758,7015387
2512883,7016366
2513105,7011721
2513206,7017825
2513573,7011518
2513969,6946222
2513984,6946185
2514072,6946269
2514087,6946233
2514280,7010040
2514939,7019650
2514940,7019611
2515181,7024635
2515184,7024413
2515185,7024244
2515191,7023962
2515195,7023784
2515197,7023743
2515229,7024635
2515231,7024414
2515233,7024245
2515239,7023962
2515243,7023776
2515244,7023740
2515279,6977358
2515284,7024636
2515340,6977419
2515802,7024484
2515812,7024335
2516578,6972413
2516606,6972957
2516717,6972546
2516826,6972653
2516942,6972769
2517021,6984486
2517236,6985466
2517280,6985427
2517298,6960210
2517299,6960165
2517302,6967894
2517364,6968066
2517388,7008226
2517415,6977939
2517426,6968237
2517490,6968408
2517502,6985222
2517518,7008227
2517523,6978049
2517529,6954371
2517554,6968584
2517621,6968757
2517687,6968930
2517734,6947650
2517735,6947621
2517813,6977719
2518140,6977503
2518217,7008065
2518370,6990958
2518411,6998373
2518482,6998519
2518551,7002133
2518553,7002076
2518575,6998643
2518580,7002038
2518590,7002133
2518685,7008236
2518744,6997416
2518755,7001984
2518764,7002042
2518849,6997528
2518916,7001987
2518957,6997641
2519190,7001650
2519355,6970240
2519392,7001789
2519396,7001609
2519531,6991511
2519772,7001566
2519955,7001796
2521099,6990495
2521259,6990343
2521287,6990381
2521499,6990112
2521536,6990147
2521707,6988809
2521930,6950850
2521933,6950681
2521933,6950635
2521977,6950852
2521981,6950681
2522097,6999679
2522263,6980891
2522452,6998717
2522531,7008840
2522544,6998512
2523290,7002626
2523455,7002629
2523790,7001179
2523924,6945421
2523966,6968563
2524123,6945328
2524276,6975143
2524277,6975448
2524277,6975359
2524277,6975297
2524317,7005381
2524424,7005363
2524501,7004841
2524516,7003884
2524518,7004048
2525288,6989612
2525583,6971992
2525783,7007482
2525893,6993171
2525897,6994447
2525910,6993208
2525936,6994447
2526028,6941125
2526038,6993105
2526056,6993143
2526107,6966279
2526181,6993041
2526189,6966272
2526203,6993078
2526217,7007518
2526352,6993011
2526872,7001374
2527221,7001274
2527392,6968957
2527412,6989668
2527468,6939571
2527473,6939393
2527474,6939360
2527479,6939216
2527521,6989806
2527833,6958021
2527834,6989652
2527836,6989478
2527938,6950260
2527994,6989388
2528432,6960235
2528436,6960191
2528565,6983223
2528567,6983066
2528569,6982910
2528620,6988907
2528663,6989059
2528707,6989046
2528774,6963895
2528882,6950621
2529014,6970856
2529017,6970817
2529023,6950623
2529024,6950608
2529088,6983387
2529106,7000354
2529242,6998880
2529390,6970858
2529391,6970820
2529445,6971186
2529463,6940641
2529476,6971256
2529547,6998726
2529667,6983394
2529668,6983548
2529669,6983236
2529722,6970858
2529723,6970819
2529825,6956740
2529905,6970859
2529907,6970820
2530140,6956743
2530248,6971169
2530249,6970861
2530249,6970822
2530515,6956906
2530576,6960189
2530580,6960234
2530604,6960189
2530740,6960237
2530873,6956909
2531136,6959882
2531571,6959551
2531577,6987704
2531610,6986691
2531611,6986735
2531623,6987054
2531652,7000972
2531659,6987380
2531707,7000973
2532397,6963493
2532478,6959426
2532488,6955663
2532535,6955663
2532645,6968952
2532942,6969170
2532964,6959274
2532964,6955645
2532965,6955606
2533013,6969277
2533026,6984899
2533029,6984738
2533185,6969129
2533320,6931207
2533346,6959183
2533431,6941120
2534047,6962222
2534048,6962059
2534059,6961901
2534106,6961742
2534107,6961588
2534110,6961299
2534111,6961429
2534512,6961304
2535033,6943695
2535356,6942441
2536985,6960054
2536993,6959634
2537001,6960156
2537044,6960211
2537059,6960228
2537087,6960296
2537091,6960344
2537210,6947061
2537340,6960303
2537343,6960351
2537410,6960357
2537413,6960311
2537712,6960339
2537714,6960384
2537734,6959922
2537757,6960339
2537759,6960385
2537781,6959922
2537865,6950110
2538077,6936075
2538167,6936536
2538485,6952185
2538501,6952185
2538559,6932145
2538890,6937153
2540597,6928438
2540861,6928727
2541270,6994993
2548022,6932868
2549768,6938893
2549894,6938354
2550614,6938504
2552631,6930161
2552859,6929978
2558719,6938025
2558763,6936191
2558790,6936218
2560435,6935712
2561282,6943485
2561693,6943723
2564028,6940834
2564059,6940805
2564184,6992379
2564226,6940641
2591940,7045349
2434519,7032348
2434962,6928119
2435534,7031882
2435674,7031940
2437558,6955946
2437870,7029187
2437986,7029223
2439472,6919613
2440678,6930172
2444135,6954949
2445187,6914405
2445709,6914678
2445733,6914672
2445844,6945758
2445989,6923876
2446001,6923610
2446296,6945473
2449336,6937923
2452721,6943478
2454279,6957802
2454343,6957896
2454347,6957816
2455127,6934045
2455484,7002765
2455549,7009984
2455600,7010318
2455672,7010769
2455695,7002817
2455702,7002731
2456402,6962489
2456410,6962618
2456461,6962977
2456466,6962845
2456578,6962585
2456666,6962658
2457306,7003834
2459044,7008024
2459377,6974705
2459391,6974156
2459673,6961628
2461610,6946619
2461830,6983781
2462915,6967235
2463161,6986621
2463503,6929362
2464552,6952308
2464561,6938775
2464568,6952037
2464971,6932010
2465063,6952133
2465064,6952042
2465269,7012955
2465527,6951736
2467575,6922002
2467816,6998928
2467992,7014999
2467996,7014901
2468037,7015002
2468042,7014902
2468125,6999234
2468626,7012516
2468627,7012468
2468673,7012517
2468675,7012469
2468795,7012965
2468961,6999386
2469298,6999716
2469820,6974911
2469829,6974480
2469897,6930989
2470458,6980794
2470470,6953799
2470705,6937465
2471141,6938360
2471144,6938322
2471861,7053277
2472021,7053274
2472068,7053275
2472255,6969505
2472941,6943584
2473478,6917214
2473547,6969837
2473595,6947035
2473595,6969836
2473597,6969663
2473598,6946870
2473661,6947063
2474140,6921269
2474605,7004333
2474726,7004333
2474893,7004334
2474926,6952184
2475124,6955884
2475324,6952644
2475525,6999211
2475552,6942059
2475560,6963393
2475568,6928296
2475647,6941992
2475850,7052833
2476024,7052990
2476241,6978523
2476546,7006989
2476731,7006674
2476771,7006674
2476846,7005063
2476912,7006994
2476964,7005049
2477188,7056550
2477648,6978563
2477667,6978746
2477691,6978586
2477741,7002040
2478016,6979054
2478236,7002871
2478260,6978610
2478422,6926858
2478493,7009614
2478498,7008017
2478512,6926985
2478537,7009614
2478542,7008016
2479636,7016211
2479981,7010569
2480095,7024039
2480118,6996667
2480191,6924699
2480223,6920884
2480255,6971526
2480273,6995230
2480277,6995074
2480328,6995864
2480383,6969882
2480401,6996025
2480446,6996347
2480447,6996504
2480447,6996671
2480447,6996704
2480585,6924708
2480626,6970258
2480674,6978132
2480726,6978124
2481603,6949621
2481646,7003921
2481646,6983810
2481671,7003330
2481783,6931219
2481928,6985454
2482152,6985680
2482256,7002524
2482298,6992818
2482499,6992547
2482590,6992470
2482595,7042820
2482701,7042915
2482749,7017906
2482750,7017959
2482787,7042840
2482871,7018371
2483780,6919153
2484233,6919214
2484499,7024736
2484537,7024740
2484538,7024627
2484645,6919352
2484681,6983277
2484788,6979719
2484878,6983494
2484896,7025105
2485031,7016157
2485208,6936679
2485210,7010747
2485263,6977932
2485311,6978013
2485351,6977989
2485445,7008428
2486901,6977441
2486940,6977482
2487882,6959014
2487890,7022191
2487917,6958753
2487945,6958793
2487961,6958993
2488055,6958973
2488116,7022054
2488277,7022054
2488280,7021526
2488441,7021527
2489103,7006188
2489149,7006188
2489865,7048370
2489867,7048221
2489870,7048071
2489982,7048519
2490305,6970383
2490460,6970423
2490828,6970268
2490899,7044986
2491002,7007354
2491005,7007310
2491274,7033700
2491801,7051019
2491981,7033180
2491998,7030842
2492027,6975262
2492154,7053101
2492158,6969820
2492159,6975118
2492219,6969842
2492240,7032797
2492260,7032847
2492273,7032920
2492377,7012935
2492379,7012753
2492380,7012707
2492513,6967838
2492672,7053105
2492685,6967884
2493256,6964340
2493373,6964512
2494380,7007995
2494384,7007777
2494430,7007777
2494860,7042197
2494880,7042056
2494885,7042038
2495526,7004655
2495655,7004777
2496598,6929909
2496649,6929901
2496692,7042785
2497859,6926594
2498043,6982433
2498490,6950979
2499892,6928273
2499995,6928391
2500207,6961829
2501441,6977207
2502148,7005087
2502628,7004312
2502865,6969484
2502870,6977525
2502943,6977598
2502976,6977564
2503208,6929521
2503324,6929425
2503395,6929305
2503769,7016246
2503794,7015922
2504520,7027601
2504577,7027467
2504597,7027446
2504606,7027436
2504614,7027503
2504633,7027409
2504635,7027482
2504644,7027472
2504651,7027540
2504655,7026193
2504658,7025869
2504662,7027379
2504671,7027444
2504673,7027519
2504683,7027509
2504957,6997786
2504983,6930213
2505076,6946621
2505078,6946670
2507416,6946822
2507471,6927803
2508198,6920575
2508422,6980780
2508452,6980995
2508545,6980903
2508610,7013447
2508728,6987352
2508891,7021330
2508891,7021292
2509143,7021001
2509234,6967657
2509580,7021005
2509769,6977587
2509915,6984018
2509928,6984071
2509928,6989594
2509932,6998208
2509940,6998249
2509943,6998297
2509954,6998347
2510358,6989806
2510487,6989680
2511325,6974312
2512023,6997312
2512079,6997633
2512095,6997209
2512125,6997174
2512351,6961141
2512378,7003953
2514638,6935198
2515086,6982910
2516325,6999570
2517007,7021145
2517264,7022081
2517615,6951172
2517915,7004000
2517930,7004030
2517961,6951177
2518011,7004183
2518089,7004327
2518157,7004453
2518239,7004605
2518305,6951184
2518313,7004742
2518512,7018561
2518884,6981510
2518909,6981002
2518943,6980967
2518994,6966522
2519055,6981146
2519089,6981114
2519622,6949483
2520126,6993418
2520157,6949504
2520347,6949505
2520569,6979957
2520608,6977965
2520638,6967086
2521155,6947070
2521156,6947033
2521159,6946845
2521455,6947060
2521455,6947099
2522227,7006355
2522271,7006652
2522634,6956570
2522712,6947153
2522714,6947182
2523022,6958573
2524188,6955452
2524644,6997686
2525172,6997900
2525344,6960863
2525654,6960866
2525695,6998132
2526012,6956198
2526014,6955896
2526329,6957132
2526374,6998018
2526448,6998022
2527222,6997606
2527263,6972496
2527399,6997723
2527568,6973111
2527691,6995851
2527823,6995773
2527853,6980478
2527955,6995697
2528026,6992075
2529073,6995184
2529226,6995185
2529378,6994856
2529563,6993186
2529566,6993028
2529570,6992872
2529636,6985710
2529638,6985532
2529887,6953121
2529913,6993186
2530327,6953275
2531748,6953502
2531756,6953153
2531924,6929453
2531967,6929413
2532169,6952806
2532354,6965352
2532513,6952461
2532560,6952461
2534807,6952552
2535213,6953109
2535216,6953007
2535683,6953446
2535732,6950387
2536102,6999918
2537864,6966681
2538550,6942471
2538709,6942490
2539184,6942499
2539456,6942503
2549027,6934869
2549260,6931503
2551827,6942058
2554401,6932995
2562133,6939090
2562261,6938051
2431375,7028166
2431423,7031037
2435278,6924457
2436766,7024303
2436807,7024323
2437941,7024612
2438347,6921209
2440314,6933204
2440374,6933195
2441283,6925401
2441323,6925602
2442368,6928258
2443914,6943975
2443984,6920000
2444014,6920026
2444027,6919982
2444490,6920265
2444526,6920228
2444605,6920311
2444824,6920242
2446450,6929531
2448022,6948687
2449867,6953511
2450179,6936200
2451114,6935596
2452770,6937087
2453152,6937099
2453851,6940019
2454758,6961220
2454945,6961151
2457125,7013804
2457162,7014228
2457536,7015276
2457793,6973587
2458110,7015800
2458119,6932931
2458176,6933003
2459351,6959397
2459355,6959448
2459452,6938102
2460753,6952729
2461339,7008695
2461407,7010982
2461687,6954794
2461697,6957970
2461697,6954824
2463122,6949523
2464333,6978561
2464504,6946304
2465056,6967654
2465238,6924898
2465294,6925013
2465335,6924991
2465501,6948824
2465501,6948868
2466041,6958625
2466120,6969681
2466571,6969684
2466689,6955073
2466690,6955179
2466837,7011791
2467247,6932960
2467273,6932962
2467487,6958243
2467580,6961450
2467599,6953199
2467600,6953103
2467608,6961477
2468287,6969294
2468612,7005428
2468889,7004985
2469972,7005791
2469992,6955513
2469993,6955407
2470541,7006285
2470832,7019659
2471022,6990974
2471158,7019769
2471271,6990677
2471345,6990612
2471491,7019379
2471516,6990459
2471556,6990500
2471574,6968035
2471575,6920791
2471745,6934362
2472587,7000151
2472839,6993424
2473018,7011539
2473065,7011540
2473165,6975749
2473173,7001676
2473443,6984963
2473608,6958836
2473620,6958958
2473679,6958943
2473824,6958893
2474028,6959025
2474578,6958930
2474590,6979778
2474604,6943642
2474637,6943689
2474962,6943648
2475080,6979927
2475952,7015186
2476138,7015187
2476326,7015190
2476437,7015191
2476523,7015192
2476677,6971078
2476908,6970794
2477126,6971075
2477126,6970805
2477128,6970754
2477562,7018803
2477602,7019140
2478032,6952422
2478167,6971917
2478236,6971916
2478542,7004448
2478588,7004432
2478702,6972152
2478992,6922617
2479085,6968797
2479091,6968625
2479370,6922301
2479560,7021911
2479561,7021736
2479634,6929896
2479669,6966844
2479688,6966802
2479707,6966510
2479908,6967030
2479931,6966991
2479980,6966758
2479987,6940550
2480055,7005482
2480056,6930059
2480064,6929905
2480341,7007210
2480447,7005479
2481056,6988913
2481428,6989298
2482131,6994432
2482342,6989110
2482377,6989138
2482521,6994433
2482818,7021960
2482821,6989264
2483033,6989388
2483236,6989424
2483328,7036412
2483369,7036502
2483412,7036505
2483463,7036531
2483802,7027593
2483808,7054122
2483887,7054125
2483955,6933986
2484378,6963083
2484401,6963115
2484452,6957766
2484466,6957745
2484477,7027374
2484967,7014548
2485164,6966114
2486516,7050281
2486518,7050233
2486555,7018782
2486875,6985785
2486885,6986046
2486963,6966592
2487030,6966560
2487054,6969808
2487375,7029910
2489431,7017494
2489574,7033633
2489611,7033661
2490652,7002036
2490837,7002119
2490840,7002083
2490844,7002038
2491517,6937985
2492473,7006646
2492889,7006651
2494115,7032880
2494288,7022496
2494288,7022554
2494292,7022925
2494333,7022508
2494333,7022556
2494337,7022941
2494557,7033232
2494593,7033259
2494612,7032616
2494612,7032886
2494614,7032834
2494657,7032886
2494658,7032834
2495772,6944946
2496474,7001500
2496743,6965998
2496809,7003618
2496969,7002354
2496989,7001669
2497089,7002830
2497141,7003280
2497381,6971745
2497488,6966239
2497545,7034040
2497552,6971998
2497841,7048738
2498725,6995325
2498760,6972140
2498764,6995323
2498803,6995324
2498816,6994947
2498990,6972268
2499259,6972499
2499424,6974665
2499452,6972429
2499494,6972569
2499605,6974485
2499639,6978079
2499712,7000813
2499771,6977947
2499842,7014219
2499846,7014282
2499850,7014357
2500074,7014231
2500626,7000528
2500662,7014273
2502306,6967778
2502417,6967668
2502451,6952310
2502510,6952416
2502780,6916810
2502789,7044933
2502900,6988279
2502902,6988214
2502917,7045298
2504283,6995708
2504584,6970191
2504741,6970363
2506009,7003646
2506331,6914873
2506747,6998050
2507806,6935020
2507824,6934978
2507888,6935068
2507904,6935023
2507918,6945141
2507975,6992165
2508165,6970808
2508393,6970764
2508618,6945556
2508741,6930577
2509266,6945559
2509510,7007245
2509518,7007018
2509565,6992981
2510107,6992905
2510145,6992779
2510591,7009112
2511137,6928562
2512011,7008185
2512198,7005547
2512544,7006098
2512603,7006156
2513500,6999821
2513543,6999757
2515568,7004662
2516367,7001248
2516606,7009953
2516673,7001426
2517372,6988821
2517800,6988688
2517923,6988562
2518067,6956328
2518274,6956269
2518549,6975659
2520381,6956216
2520449,6956241
2520692,7021108
2520735,7021153
2520736,7021117
2520858,6955551
2520971,6955770
2524162,6984034
2524535,7008974
2524673,7010049
2524816,6958905
2525320,6969671
2526739,6986281
2526832,6964315
2527780,7004855
2527922,6986646
2527942,6986683
2527973,6986644
2527997,6986687
2528046,6986929
2528119,6986645
2528139,6987072
2528280,6986646
2528281,6986691
2530405,6988956
2530935,6962288
2530936,6962128
2533848,6935978
2534794,6928798
2536922,6945481
2537545,6956192
2537620,6992791
2537649,6940304
2540293,6933923
2540367,6939621
2540512,6939836
2540608,6939969
2540694,6939702
2540966,6939592
2541009,6939648
2542671,6938442
2545722,6927398
2551335,6936230
2552674,6940551
2555954,6928215
2556519,6938425
2556546,6938453
2556943,6942363
2557559,6942568
2557602,6942608
2557726,6942731
2558014,6941556
2558068,6941575
2563518,6943522
2434455,6938163
2441362,6931751
2446514,6932601
2446620,6932591
2447275,6944259
2447276,6944229
2453930,6947400
2457675,6969867
2460233,6947552
2460266,7013761
2460352,6947555
2460469,7004195
2463476,7017888
2463519,6925960
2463553,6963304
2463569,6925953
2463605,7016214
2463872,6963235
2464924,6928532
2465070,6927570
2465076,6927618
2465364,6927625
2465480,6981585
2466330,6984951
2466583,6984758
2467156,7006463
2467215,7006627
2468588,7046912
2469414,6933609
2473182,6955065
2477380,7012591
2477957,6957345
2477958,6957318
2478280,6932617
2479869,6934791
2482835,6981226
2482990,7030705
2483068,7030710
2483124,6928882
2483137,6982399
2484270,7030738
2484408,7030258
2485954,7053202
2486453,7011689
2486621,7011692
2487326,7011702
2488482,7047340
2489966,6985724
2489968,6985543
2491493,7016482
2491964,6973573
2492119,7026708
2493120,6954929
2493121,6954754
2493390,6946746
2494182,6928442
2494621,6938313
2495435,6959141
2495460,6959126
2496253,7036681
2496510,7012826
2497260,7028198
2497615,6998704
2498033,7000215
2498272,7027876
2499260,6933267
2500323,7016920
2500351,7016932
2500517,7016530
2501110,6936458
2501842,6985819
2502048,6971054
2502194,7018165
2505411,7022594
2505429,7022630
2505604,7022335
2505649,7001105
2508968,7011731
2509542,6938619
2510390,6986337
2513523,6929278
2515527,6998064
2515537,6998025
2515581,6998072
2515876,6966982
2515880,6949436
2516912,6974504
2517390,6980678
2518974,6964617
2519088,7006428
2519092,7006287
2521448,6997164
2521615,6972792
2523926,6966774
2523991,6953799
2524479,6995952
2525705,6945873
2526065,6946291
2527121,6961461
2530403,7002182
2530403,7002220
2531057,6932543
2532917,7002047
2534942,6992759
2537809,6954279
2539238,6944451
2539342,6944491
2539345,6944453
2545781,6931207
2549740,6943278
2550161,6942623
2554916,6940767
2555736,6940637
